格点模型：按每局 grid_info 选择（无该字段的旧日志按三角格处理并标记 [网格?]）

20260912 202314  ⚠️ 无 session_end（未正常结束）
20260912 213259  ⚠️ 无 session_end（未正常结束）
20260912 230609  ⚠️ 无 session_end（未正常结束）
20260912 232946  ⚠️ 无 session_end（未正常结束）
20260913 092714  ⚠️ 无 session_end（未正常结束）
20260913 094147  ⚠️ 无 session_end（未正常结束）
20260913 100224  ⚠️ 无 session_end（未正常结束）
20260913 111414  ⚠️ 无 session_end（未正常结束）
时刻                     网格   源数     虚拟时间       均摊       行程     巡回下界     余量%    检测    格点    探点   切换   失败     时间账     残差 核对
------------------------------------------------------------------------------------------------------------------------
20260912 204518         ?   12     7344    612.0    28624    13130  118.0%   260   260     0  259    0    7344   -0.0 OK [网格模型不适用⇒格点/探点两列不可信]
20260912 210451         ?    7    26243   3748.9   122723     4720 2500.2%   301    25   276  146    4   26243   -0.0 遗漏[5, 7, 10, 11, 16] [网格模型不适用⇒格点/探点两列不可信]
20260912 211944         ?   16     6370    398.1    23441    16755   39.9%   266   260     6  260    4    6370   -0.0 OK [网格模型不适用⇒格点/探点两列不可信]
20260912 212204         ?   11     6040    549.1    21962    13711   60.2%   266   260     6  260    1    6040   -0.0 OK [网格模型不适用⇒格点/探点两列不可信]
20260912 212304         ?   13     5527    425.2    19471    15188   28.2%   260   260     0  259    3    5527    0.0 OK [网格模型不适用⇒格点/探点两列不可信]
20260912 221255         ?   12     5101    425.1    20487    14272   43.5%   148   148     0  147   19    5101    0.0 OK [网格模型不适用⇒格点/探点两列不可信]
20260912 221328         ?   11     4991    453.7    18174    13633   33.3%   217   210     7  210    2    4991    0.0 OK [网格模型不适用⇒格点/探点两列不可信]
20260912 221400         ?   14     4763    340.2    17860    14389   24.1%   182   182     0  181   10    4763    0.0 OK [网格模型不适用⇒格点/探点两列不可信]
20260912 223531         ?   11     4322    392.9    15039    14341    4.9%   210   210     0  209    0    4322   -0.0 OK [网格模型不适用⇒格点/探点两列不可信]
20260912 223604         ?   11     4792    435.6    18065    14427   25.2%   187   186     1  186    1    4792    0.0 OK [网格模型不适用⇒格点/探点两列不可信]
20260912 223640         ?   14     4665    333.2    17910    14898   20.2%   169   169     0  168    0    4665    0.0 OK [网格模型不适用⇒格点/探点两列不可信]
20260912 223718         ?   10     4519    451.9    16276    13528   20.3%   202   201     1  201    1    4519    0.0 OK [网格模型不适用⇒格点/探点两列不可信]
20260912 223743         ?   15     4755    317.0    18304    16477   11.1%   170   170     0  169    0    4755    0.0 OK [网格模型不适用⇒格点/探点两列不可信]
20260912 224758         ?   16     4893    305.8    18745    15359   22.0%   176   173     3  175    3    4893   -0.0 OK [网格模型不适用⇒格点/探点两列不可信]
20260912 224845         ?   16     4555    284.7    17265    14049   22.9%   169   166     3  168    3    4555    0.0 OK [网格模型不适用⇒格点/探点两列不可信]
20260912 224954         ?   14     5114    365.3    19712    14362   37.2%   182   178     4  180    4    5114    0.0 OK [网格模型不适用⇒格点/探点两列不可信]
20260912 225021         ?   14     4687    334.8    17452    13738   27.0%   187   185     2  186    2    4687   -0.0 OK [网格模型不适用⇒格点/探点两列不可信]
20260912 225103         ?   12     4368    364.0    16303    14300   14.0%   174   169     5  171    2    4368   -0.0 OK [网格模型不适用⇒格点/探点两列不可信]
20260913 001459         ?   10     4589    458.9    16072    14912    7.8%   221   221     0  220    0    4589   -0.0 OK [网格模型不适用⇒格点/探点两列不可信]
20260913 001529         ?   13     4437    341.3    16451    14835   10.9%   181   173     8  174    1    4437    0.0 OK [网格模型不适用⇒格点/探点两列不可信]
20260913 001558         ?   10     4444    444.4    15808    13571   16.5%   205   204     1  204    1    4444    0.0 OK [网格模型不适用⇒格点/探点两列不可信]
20260913 001637         ?   11     4392    399.3    14851    12965   14.5%   228   228     0  227    0    4392    0.0 OK [网格模型不适用⇒格点/探点两列不可信]
20260913 001700         ?   10     4632    463.2    16625    13202   25.9%   211   202     9  202    0    4632   -0.0 OK [网格模型不适用⇒格点/探点两列不可信]
20260913 001724         ?   13     5175    398.1    19508    14850   31.4%   202   191    11  192    2    5175   -0.0 OK [网格模型不适用⇒格点/探点两列不可信]
20260913 001751         ?   11     4348    395.3    15322    13303   15.2%   205   205     0  204    0    4348    0.0 OK [网格模型不适用⇒格点/探点两列不可信]
20260913 001812         ?   10     4362    436.2    15429    13882   11.1%   204   203     1  203    1    4362   -0.0 OK [网格模型不适用⇒格点/探点两列不可信]
20260913 001833         ?   12     4158    346.5    14826    13592    9.1%   188   186     2  187    2    4158    0.0 OK [网格模型不适用⇒格点/探点两列不可信]
20260913 001906         ?   16     5244    327.8    20781    15367   35.2%   169   163     6  163    0    5244   -0.0 OK [网格模型不适用⇒格点/探点两列不可信]
20260913 063903         ?   10     4213    421.3    15405    13452   14.5%   179   176     3  178    3    4213    0.0 OK [网格模型不适用⇒格点/探点两列不可信]
20260913 063940         ?   14     4110    293.6    15644    14297    9.4%   152   152     0  151    0    4110   -0.0 OK [网格模型不适用⇒格点/探点两列不可信]
20260913 064015         ?   11     4494    408.6    16966    15650    8.4%   175   167     8  168    1    4494    0.0 OK [网格模型不适用⇒格点/探点两列不可信]
20260913 064042         ?   13     4295    330.4    15994    15831    1.0%   172   172     0  171    0    4295    0.0 OK [网格模型不适用⇒格点/探点两列不可信]
20260913 064113         ?   14     4464    318.8    17144    13963   22.8%   161   160     1  160    0    4464   -0.0 OK [网格模型不适用⇒格点/探点两列不可信]
20260913 065753         ?   14     4450    317.9    16827    14112   19.2%   170   165     5  165    0    4450   -0.0 OK [网格模型不适用⇒格点/探点两列不可信]
20260913 065825         ?   10     4405    440.5    15898    15135    5.0%   195   193     2  194    2    4405   -0.0 OK [网格模型不适用⇒格点/探点两列不可信]
20260913 065858         ?   15     4848    323.2    18752    14262   31.5%   171   160    11  162    2    4848    0.0 OK [网格模型不适用⇒格点/探点两列不可信]
20260913 065924         ?   13     4568    351.4    16870    13883   21.5%   190   179    11  179    0    4568   -0.0 OK [网格模型不适用⇒格点/探点两列不可信]
20260913 065955         ?   13     4503    346.4    17039    13795   23.5%   173   165     8  165    0    4503    0.0 OK [网格模型不适用⇒格点/探点两列不可信]
20260913 083225    radial   14     3680    262.9    13290    11839   12.2%   160   153     7  152    0    3680   -0.0 OK
20260913 083301    radial   13     4275    328.8    15848    12965   22.2%   176   159    17  160    0    4275    0.0 OK
20260913 083324    radial   13     3508    269.9    12517    11840    5.7%   157   156     1  155    0    3508   -0.0 OK
20260913 083348    radial   10     3670    367.0    12158    11137    9.2%   199   194     5  193    0    3670    0.0 OK
20260913 083414    radial   15     4140    276.0    15724    12518   25.6%   152   149     3  151    3    4140   -0.0 OK
20260913 083842    radial   14     3667    261.9    13385    12766    4.8%   153   152     1  152    1    3667    0.0 OK
20260913 083903    radial   15     4358    290.5    16405    12969   26.5%   169   156    13  157    0    4358    0.0 OK
20260913 083944    radial   16     4325    270.3    16692    12854   29.9%   153   137    16  139    1    4325    0.0 OK
20260913 084008    radial   14     6348    453.4    23518    12707   85.1%   222   170    52  173   97    6348   -0.0 OK
20260913 084039    radial   14     3870    276.4    14088    12137   16.1%   163   151    12  152    5    3870    0.0 OK
20260913 085054    radial   11     4265    387.7    15381    11401   34.9%   189   174    15  177    4    4265    0.0 OK
20260913 085120    radial   15     4260    284.0    15446    12517   23.4%   185   165    20  168    1    4260   -0.0 OK
20260913 085144    radial   12     3789    315.7    13130    11145   17.8%   185   178     7  178    0    3789   -0.0 OK
20260913 085206    radial   11     3840    349.1    13351    12119   10.2%   185   183     2  184    2    3840   -0.0 OK
20260913 085230    radial   10     3521    352.1    11803    10043   17.5%   186   177     9  177    1    3521   -0.0 OK
20260913 085943    radial   13     4188    322.1    15073    12555   20.1%   184   171    13  176    4    4188   -0.0 OK
20260913 090027    radial   10     3813    381.3    13463    11811   14.0%   179   171     8  172    1    3813    0.0 OK
20260913 090053    radial   10     3509    350.9    11599    10267   13.0%   189   187     2  188    2    3509   -0.0 OK
20260913 090119    radial   12     3615    301.3    12486    10804   15.6%   178   162    16  165    1    3615    0.0 OK
20260913 090144    radial   13     3900    300.0    14066    10643   32.2%   169   166     3  168    3    3900   -0.0 OK
20260913 094928    radial   15     3443    229.5    12554    11712    7.2%   142   139     3  141    2    3443    0.0 OK
20260913 095014    radial   16     3951    246.9    14623    10766   35.8%   158   143    15  147    3    3951    0.0 OK
20260913 095041    radial   11     3485    316.8    11891    10916    8.9%   175   174     1  174    1    3485    0.0 OK
20260913 095115    radial   12     3702    308.5    13293    11285   17.8%   165   157     8  158    0    3702   -0.0 OK
20260913 095141    radial   13     4019    309.1    14368    12512   14.8%   180   172     8  174    2    4019   -0.0 OK
20260912 200819         ?    0     1300      nan    15464    12000   28.9%   260   260     0  259    0    4652 -3351.8 ⚠ 0 清除（非正式局？） [网格模型不适用⇒格点/探点两列不可信]
20260912 201519         ?    0        0      nan        0        0    0.0%     0     0     0    0    0       0    0.0 ⚠ 0 清除（非正式局？） [网格模型不适用⇒格点/探点两列不可信]
20260912 205859         ?    0      700      nan     9000        0    0.0%   140    20   120  139    0    2639 -1939.0 ⚠ 0 清除（非正式局？） [网格模型不适用⇒格点/探点两列不可信]
20260912 212802         ?   13     6756    519.7    27878    14605   90.9%   186   186     0  185    0    6756   -0.0 OK [网格模型不适用⇒格点/探点两列不可信]
20260912 213352         ?   13     6436    495.1    27150    14616   85.8%   157   157     0  156    0    6436    0.0 OK [网格模型不适用⇒格点/探点两列不可信]
20260912 213905         ?   13     4930    379.2    18811    15058   24.9%   184   184     0  183    0    4930   -0.0 OK [网格模型不适用⇒格点/探点两列不可信]
20260912 214326         ?   13     4930    379.2    18811    15058   24.9%   184   184     0  183    0    4930   -0.0 OK [网格模型不适用⇒格点/探点两列不可信]
20260912 214728         ?   13     4326    332.8    16301    14632   11.4%   167   167     0  166    0    4326    0.0 OK [网格模型不适用⇒格点/探点两列不可信]
20260912 215108         ?   13     4473    344.0    16283    14351   13.5%   192   192     0  191    0    4473    0.0 OK [网格模型不适用⇒格点/探点两列不可信]
20260912 215538         ?    9    15613   1734.7    73508     7915  828.7%   146    24   122  121    5   15613   -0.0 遗漏[7, 13, 18, 19] [网格模型不适用⇒格点/探点两列不可信]
20260912 215856         ?   10    11630   1163.0    53824     7647  603.8%   137    23   114  118    4   11630   -0.0 遗漏[2, 11, 17] [网格模型不适用⇒格点/探点两列不可信]
20260912 220201         ?   10    12502   1250.2    58244     7721  654.3%   135    23   112  116    4   12502   -0.0 遗漏[5, 8, 13] [网格模型不适用⇒格点/探点两列不可信]
20260912 220553         ?   13     4930    379.2    18811    15058   24.9%   184   184     0  183    0    4930   -0.0 OK [网格模型不适用⇒格点/探点两列不可信]
20260912 221749         ?   13     4933    379.5    18825    15041   25.2%   184   184     0  183    0    4933    0.0 OK [网格模型不适用⇒格点/探点两列不可信]
20260912 222148         ?   13     4327    332.9    16307    14635   11.4%   167   167     0  166    0    4327   -0.0 OK [网格模型不适用⇒格点/探点两列不可信]
20260912 222524         ?   13     4470    343.8    16268    14356   13.3%   192   192     0  191    0    4470   -0.0 OK [网格模型不适用⇒格点/探点两列不可信]
20260912 225413         ?   13     4687    360.6    17626    14578   20.9%   183   183     0  182    0    4687   -0.0 OK [网格模型不适用⇒格点/探点两列不可信]
20260912 225829         ?   13     4687    360.6    17626    14578   20.9%   183   183     0  182    0    4687   -0.0 OK [网格模型不适用⇒格点/探点两列不可信]
20260912 230226         ?   13     4399    338.4    16516    14636   12.8%   172   172     0  171    0    4399    0.0 OK [网格模型不适用⇒格点/探点两列不可信]
20260912 230850         ?   13     6117    470.5    25919    10161  155.1%   149    20   129  123    0    6117   -0.0 OK [网格模型不适用⇒格点/探点两列不可信]
20260912 231207         ?   13     5381    414.0    22767     9590  137.4%   129    20   109  118    0    5381    0.0 OK [网格模型不适用⇒格点/探点两列不可信]
20260912 231502         ?   13     6133    471.8    26286     9564  174.8%   139    20   119  116    0    6133    0.0 OK [网格模型不适用⇒格点/探点两列不可信]
20260912 233355         ?   13     5020    386.2    19322    14607   32.3%   182   182     0  181    0    5020   -0.0 OK [网格模型不适用⇒格点/探点两列不可信]
20260912 233755         ?   13     4961    381.6    19119    14634   30.6%   180   172     8  172    0    4961   -0.0 OK [网格模型不适用⇒格点/探点两列不可信]
20260912 234150         ?   13     5272    405.6    19381    14895   30.1%   222   222     0  221    0    5272    0.0 OK [网格模型不适用⇒格点/探点两列不可信]
20260912 234711         ?   13     4687    360.6    17626    14578   20.9%   183   183     0  182    0    4687   -0.0 OK [网格模型不适用⇒格点/探点两列不可信]
20260913 004349         ?   13     4687    360.6    17626    14578   20.9%   183   183     0  182    0    4687   -0.0 OK [网格模型不适用⇒格点/探点两列不可信]
20260913 004800         ?   13     4399    338.4    16516    14636   12.8%   172   172     0  171    0    4399    0.0 OK [网格模型不适用⇒格点/探点两列不可信]
20260913 005144         ?   13     4373    336.4    16266    14911    9.1%   176   176     0  175    0    4373   -0.0 OK [网格模型不适用⇒格点/探点两列不可信]
20260913 062211         ?   13     4687    360.6    17626    14578   20.9%   183   183     0  182    0    4687   -0.0 OK [网格模型不适用⇒格点/探点两列不可信]
20260913 062611         ?   13     4399    338.4    16516    14636   12.8%   172   172     0  171    0    4399    0.0 OK [网格模型不适用⇒格点/探点两列不可信]
20260913 062958         ?   13     4373    336.4    16266    14911    9.1%   176   176     0  175    0    4373   -0.0 OK [网格模型不适用⇒格点/探点两列不可信]
20260913 063450         ?   13     4603    354.1    17626    14578   20.9%   169   169     0  168    0    4603   -0.0 OK [网格模型不适用⇒格点/探点两列不可信]
20260913 063834         ?   13     4333    333.3    16516    14636   12.8%   161   161     0  160    0    4333    0.0 OK [网格模型不适用⇒格点/探点两列不可信]
20260913 064208         ?   13     4289    329.9    16266    14911    9.1%   162   162     0  161    0    4289   -0.0 OK [网格模型不适用⇒格点/探点两列不可信]
20260913 065507         ?   13     4211    323.9    15058    11414   31.9%   189   106    83  186    1    4211    0.0 OK [网格模型不适用⇒格点/探点两列不可信]
20260913 065913         ?   13     4024    309.6    14957    10472   42.8%   161    93    68  160    1    4024    0.0 OK [网格模型不适用⇒格点/探点两列不可信]
20260913 070250         ?   13     3999    307.6    14771    10849   36.2%   163    96    67  162    1    3999    0.0 OK [网格模型不适用⇒格点/探点两列不可信]
20260913 070652         ?   13     4125    317.3    14598    11442   27.6%   191   105    86  185    0    4125    0.0 OK [网格模型不适用⇒格点/探点两列不可信]
20260913 071058         ?   13     4120    316.9    15324    10454   46.6%   166    93    73  160    0    4120   -0.0 OK [网格模型不适用⇒格点/探点两列不可信]
20260913 071437         ?   13     3725    286.6    13432    10860   23.7%   162    96    66  161    1    3725   -0.0 OK [网格模型不适用⇒格点/探点两列不可信]
20260913 072019         ?   13     5433    417.9    20737    11421   81.6%   203   106    97  188    6    5433    0.0 OK [网格模型不适用⇒格点/探点两列不可信]
20260913 072445         ?   13     3847    295.9    14143    10463   35.2%   158    90    68  157    2    3847    0.0 OK [网格模型不适用⇒格点/探点两列不可信]
20260913 072816         ?   13     3964    304.9    14306    10836   32.0%   173    95    78  164    3    3964   -0.0 OK [网格模型不适用⇒格点/探点两列不可信]
20260913 073205         ?   13     4342    334.0    15503    11442   35.5%   198   105    93  186    0    4342   -0.0 OK [网格模型不适用⇒格点/探点两列不可信]
20260913 073619         ?   13     4111    316.3    15262    10464   45.8%   167    92    75  159    0    4111    0.0 OK [网格模型不适用⇒格点/探点两列不可信]
20260913 073958         ?   13     3777    290.6    13341    10785   23.7%   176    95    81  161    1    3777    0.0 OK [网格模型不适用⇒格点/探点两列不可信]
20260913 082130         ?   13     4125    317.3    14598    11442   27.6%   191   105    86  185    0    4125    0.0 OK [网格模型不适用⇒格点/探点两列不可信]
20260913 082631    radial   13     4125    317.3    14598    12923   13.0%   191   185     6  185    0    4125    0.0 OK
20260913 084649    radial   13     4125    317.3    14598    12923   13.0%   191   185     6  185    0    4125    0.0 OK
20260913 085104    radial   13     4120    316.9    15324    12001   27.7%   166   160     6  160    0    4120   -0.0 OK
20260913 085447    radial   13     3725    286.6    13432    12441    8.0%   162   161     1  161    1    3725   -0.0 OK
20260913 092303    radial   13     4125    317.3    14598    12923   13.0%   191   185     6  185    0    4125    0.0 OK
20260913 095811    radial   13     4125    317.3    14598    12923   13.0%   191   185     6  185    0    4125    0.0 OK
20260913 100351    radial   13     4125    317.3    14598    12923   13.0%   191   185     6  185    0    4125    0.0 OK
20260913 100802    radial   13     4120    316.9    15324    12001   27.7%   166   160     6  160    0    4120   -0.0 OK
20260913 101142    radial   13     3725    286.6    13432    12441    8.0%   162   161     1  161    1    3725   -0.0 OK

局数 117 ｜ 平均均摊 **409.5 s/源** ｜ 平均总时间 4908 s ｜ 平均行程余量 65.9% ｜ 最大时间账残差 0.0 s

按源数分组（均摊 ／ 总时间 ／ 行程 ／ 余量%%）：
  源数  7 × 1 局 ⇒ 均摊 3748.9 ｜ 总时间  26243 ｜ 行程 122723 ｜ 余量 2500.2%
  源数  9 × 1 局 ⇒ 均摊 1734.7 ｜ 总时间  15613 ｜ 行程  73508 ｜ 余量 828.7%
  源数 10 × 13 局 ⇒ 均摊  537.0 ｜ 总时间   5370 ｜ 行程  20970 ｜ 余量 108.7%
  源数 11 × 10 局 ⇒ 均摊  408.8 ｜ 总时间   4497 ｜ 行程  16100 ｜ 余量  21.6%
  源数 12 × 7 局 ⇒ 均摊  381.9 ｜ 总时间   4582 ｜ 行程  17021 ｜ 余量  33.7%
  源数 13 × 62 局 ⇒ 均摊  348.0 ｜ 总时间   4524 ｜ 行程  16977 ｜ 余量  31.1%
  源数 14 × 11 局 ⇒ 均摊  323.5 ｜ 总时间   4529 ｜ 行程  16985 ｜ 余量  25.3%
  源数 15 × 6 局 ⇒ 均摊  286.7 ｜ 总时间   4301 ｜ 行程  16197 ｜ 余量  20.9%
  源数 16 × 6 局 ⇒ 均摊  305.6 ｜ 总时间   4890 ｜ 行程  18591 ｜ 余量  31.0%

清除方式（按频道 /clear 次数）：直接命中 1396 个（93.9%）｜ 非直接（sweep/homing，≥2 次）90 个（6.1%）
  ⇒ 非直接那部分才需要「离格点走一段」，是可优化的行程来源之一
探点检测（不在任何格点上的 /measure）合计 2436 次，占总检测 11.5%
